	char	map[15][32] =
		{
		{1,1,1,1,1,1,1,1,1,1,1,1,1,1,1,1,1,1,1,1,1,1,1,1,1,1,1,1,1},
		{1,0,0,0,0,0,0,0,0,0,1,1,0,0,0,0,0,0,0,0,0,0,0,0,0,0,0,0,1},
		{1,0,1,1,0,0,0,0,0,1,1,1,0,0,0,0,0,0,2,0,0,0,0,0,1,0,0,0,1},
		{1,0,0,1,0,0,0,0,0,0,0,0,0,0,0,0,0,0,0,0,0,0,0,0,1,0,0,0,1},
		{1,0,1,1,0,0,0,0,0,1,1,1,0,0,0,0,0,0,0,0,0,0,0,0,1,0,0,0,1},
		{1,0,0,0,0,0,0,0,0,0,1,1,0,0,0,0,0,1,1,1,0,1,1,1,1,0,0,0,1},
		{1,1,1,1,0,1,1,1,1,1,1,1,1,1,0,1,1,1,0,0,0,0,0,0,1,0,0,0,1},
		{1,1,1,1,0,1,1,1,1,1,1,1,1,1,0,1,1,1,0,1,0,1,0,0,1,0,0,0,1},
		{1,1,0,0,0,0,0,0,1,1,0,1,0,1,0,1,1,1,0,0,0,0,0,0,1,0,0,0,1},
		{1,0,0,0,2,0,0,0,0,0,0,0,0,0,0,0,1,1,0,0,0,0,0,0,1,0,0,0,1},
		{1,0,0,0,0,0,0,0,0,0,0,0,0,0,0,0,1,1,0,1,0,1,0,0,1,0,0,0,1},
		{1,1,0,0,0,0,0,0,1,1,0,1,0,1,0,1,1,1,1,1,0,1,1,1,1,0,'N',0,1},
		{1,1,1,1,0,1,1,1,1,1,1,1,0,1,0,1,1,1,1,1,0,1,1,1,1,0,0,0,1},
		{1,1,1,1,1,1,1,1,1,1,1,1,1,1,1,1,1,1,1,1,1,1,1,1,1,1,1,1,1}
	};

	//
	#include 	<mlx.h>
#include	<string.h>
#include	"libcub3d.h"

int		main(void)
{
	void	*mlx_ptr;
	int		i;
	int		j;
	void	*win_ptr;
	int		display_x;
	int		display_y;
	char	map[15][32] =
		{
		{1,1,1,1,1,1,1,1,1,1,1,1,1,1,1,1,1,1,1,1,1,1,1,1,1,1,1,1,1},
		{1,0,0,0,0,0,0,0,0,0,1,1,0,0,0,0,0,0,0,0,0,0,0,0,0,0,0,0,1},
		{1,0,1,1,0,0,0,0,0,1,1,1,0,0,0,0,0,0,2,0,0,0,0,0,1,0,0,0,1},
		{1,0,0,1,0,0,0,0,0,0,0,0,0,0,0,0,0,0,0,0,0,0,0,0,1,0,0,0,1},
		{1,0,1,1,0,0,0,0,0,1,1,1,0,0,0,0,0,0,0,0,0,0,0,0,1,0,0,0,1},
		{1,0,0,0,0,0,0,0,0,0,1,1,0,0,0,0,0,1,1,1,0,1,1,1,1,0,0,0,1},
		{1,1,1,1,0,1,1,1,1,1,1,1,1,1,0,1,1,1,0,0,0,0,0,0,1,0,0,0,1},
		{1,1,1,1,0,1,1,1,1,1,1,1,1,1,0,1,1,1,0,1,0,1,0,0,1,0,0,0,1},
		{1,1,0,0,0,0,0,0,1,1,0,1,0,1,0,1,1,1,0,0,0,0,0,0,1,0,0,0,1},
		{1,0,0,0,2,0,0,0,0,0,0,0,0,0,0,0,1,1,0,0,0,0,0,0,1,0,0,0,1},
		{1,0,0,0,0,0,0,0,0,0,0,0,0,0,0,0,1,1,0,1,0,1,0,0,1,0,0,0,1},
		{1,1,0,0,0,0,0,0,1,1,0,1,0,1,0,1,1,1,1,1,0,1,1,1,1,0,'N',0,1},
		{1,1,1,1,0,1,1,1,1,1,1,1,0,1,0,1,1,1,1,1,0,1,1,1,1,0,0,0,1},
		{1,1,1,1,1,1,1,1,1,1,1,1,1,1,1,1,1,1,1,1,1,1,1,1,1,1,1,1,1}
	};
	j = 0;
	i = 0;
	display_x = 1920/14;
	display_y = 1080/14;
	mlx_ptr = NULL;
	if (!(mlx_ptr = mlx_init()))
		return (0);
	win_ptr = mlx_new_window (mlx_ptr, 1920, 1080, "Cub3d --Project-- ");
	while (i < 15)
	{
		j = 0;
		while (j < 32)
		{
			if (map[i][j] == 1)
				ft_draw_cube(i, j, mlx_ptr, win_ptr, display_x , display_x);
			else if (map[i][j] == 'N')
				ft_draw_player(i, j, mlx_ptr, win_ptr, display_x, display_x);
			j++;
		}
		i++;
	}
	//mlx_pixel_put (mlx_ptr, win_ptr, 250, 250, 16777215);	
	mlx_loop(mlx_ptr);
	return (0);
}
